=== Run information ===

Scheme:       weka.classifiers.lazy.IBk -K 1 -W 0 -A "weka.core.neighboursearch.LinearNNSearch -A \"weka.core.EuclideanDistance -R first-last\""
Relation:     features
Instances:    520
Attributes:   14
              f01
              f02
              f03
              f04
              f05
              f06
              f07
              f08
              f09
              f10
              f11
              f12
              f13
              label
Test mode:    10-fold cross-validation

=== Classifier model (full training set) ===

IB1 instance-based classifier
using 1 nearest neighbour(s) for classification


Time taken to build model: 0 seconds

=== Stratified cross-validation ===
=== Summary ===

Correctly Classified Instances         443               85.1923 %
Incorrectly Classified Instances        77               14.8077 %
Kappa statistic                          0.846 
Mean absolute error                      0.0147
Root mean squared error                  0.1044
Relative absolute error                 19.8477 %
Root relative squared error             54.273  %
Total Number of Instances              520     

=== Detailed Accuracy By Class ===

                 TP Rate  FP Rate  Precision  Recall   F-Measure  MCC      ROC Area  PRC Area  Class
                 0.900    0.010    0.783      0.900    0.837      0.832    0.945     0.708     a
                 0.800    0.008    0.800      0.800    0.800      0.792    0.896     0.648     b
                 0.850    0.002    0.944      0.850    0.895      0.892    0.924     0.809     c
                 0.900    0.008    0.818      0.900    0.857      0.852    0.946     0.740     d
                 0.800    0.012    0.727      0.800    0.762      0.753    0.894     0.590     e
                 0.750    0.010    0.750      0.750    0.750      0.740    0.870     0.572     f
                 0.750    0.006    0.833      0.750    0.789      0.783    0.872     0.635     g
                 0.700    0.012    0.700      0.700    0.700      0.688    0.844     0.502     h
                 0.850    0.000    1.000      0.850    0.919      0.919    0.925     0.856     i
                 0.900    0.004    0.900      0.900    0.900      0.896    0.948     0.814     j
                 0.700    0.012    0.700      0.700    0.700      0.688    0.844     0.502     k
                 0.800    0.006    0.842      0.800    0.821      0.814    0.897     0.681     l
                 0.950    0.000    1.000      0.950    0.974      0.974    0.975     0.952     m
                 0.600    0.004    0.857      0.600    0.706      0.708    0.798     0.530     n
                 0.850    0.006    0.850      0.850    0.850      0.844    0.922     0.728     o
                 1.000    0.004    0.909      1.000    0.952      0.952    0.998     0.909     p
                 0.800    0.006    0.842      0.800    0.821      0.814    0.897     0.681     q
                 0.800    0.008    0.800      0.800    0.800      0.792    0.896     0.648     r
                 0.900    0.002    0.947      0.900    0.923      0.920    0.949     0.856     s
                 1.000    0.004    0.909      1.000    0.952      0.952    0.998     0.909     t
                 0.850    0.002    0.944      0.850    0.895      0.892    0.924     0.809     u
                 0.900    0.012    0.750      0.900    0.818      0.814    0.944     0.691     v
                 0.950    0.002    0.950      0.950    0.950      0.948    0.974     0.904     w
                 0.950    0.004    0.905      0.950    0.927      0.924    0.973     0.861     x
                 0.950    0.008    0.826      0.950    0.884      0.881    0.971     0.787     y
                 0.950    0.002    0.950      0.950    0.950      0.948    0.974     0.904     z
Weighted Avg.    0.852    0.006    0.855      0.852    0.851      0.847    0.923     0.739     

=== Confusion Matrix ===

  a  b  c  d  e  f  g  h  i  j  k  l  m  n  o  p  q  r  s  t  u  v  w  x  y  z   <-- classified as
 18  0  0  0  0  0  0  0  0  0  0  0  0  0  1  0  1  0  0  0  0  0  0  0  0  0 |  a = a
  0 16  0  1  0  0  0  0  0  0  3  0  0  0  0  0  0  0  0  0  0  0  0  0  0  0 |  b = b
  1  0 17  2  0  0  0  0  0  0  0  0  0  0  0  0  0  0  0  0  0  0  0  0  0  0 |  c = c
  0  0  0 18  0  0  0  0  0  0  0  0  0  0  0  0  1  0  0  0  0  0  0  1  0  0 |  d = d
  0  0  0  0 16  0  0  1  0  0  0  0  0  0  1  0  0  0  0  0  0  1  1  0  0  0 |  e = e
  0  0  0  0  0 15  2  1  0  0  0  2  0  0  0  0  0  0  0  0  0  0  0  0  0  0 |  f = f
  1  0  0  0  0  2 15  0  0  0  0  0  0  0  0  0  1  0  0  0  0  0  0  0  1  0 |  g = g
  0  0  0  0  2  1  0 14  0  0  2  0  0  1  0  0  0  0  0  0  0  0  0  0  0  0 |  h = h
  0  0  1  0  0  0  0  0 17  1  0  0  0  0  0  0  0  0  0  1  0  0  0  0  0  0 |  i = i
  0  0  0  0  0  0  0  0  0 18  0  1  0  0  0  0  0  0  0  0  0  0  0  0  1  0 |  j = j
  0  3  0  0  0  0  0  2  0  0 14  0  0  0  0  1  0  0  0  0  0  0  0  0  0  0 |  k = k
  0  0  0  0  1  1  0  0  0  0  0 16  0  0  0  1  0  1  0  0  0  0  0  0  0  0 |  l = l
  0  0  0  0  0  0  0  0  0  1  0  0 19  0  0  0  0  0  0  0  0  0  0  0  0  0 |  m = m
  0  0  0  0  0  0  0  2  0  0  0  0  0 12  1  0  0  2  0  0  0  0  0  0  2  1 |  n = n
  1  0  0  0  1  0  0  0  0  0  0  0  0  0 17  0  0  0  0  0  1  0  0  0  0  0 |  o = o
  0  0  0  0  0  0  0  0  0  0  0  0  0  0  0 20  0  0  0  0  0  0  0  0  0  0 |  p = p
  1  1  0  1  0  0  1  0  0  0  0  0  0  0  0  0 16  0  0  0  0  0  0  0  0  0 |  q = q
  0  0  0  0  0  0  0  0  0  0  0  0  0  1  0  0  0 16  0  0  0  3  0  0  0  0 |  r = r
  0  0  0  0  0  1  0  0  0  0  0  0  0  0  0  0  0  0 18  0  0  0  0  1  0  0 |  s = s
  0  0  0  0  0  0  0  0  0  0  0  0  0  0  0  0  0  0  0 20  0  0  0  0  0  0 |  t = t
  0  0  0  0  1  0  0  0  0  0  0  0  0  0  0  0  0  0  0  0 17  2  0  0  0  0 |  u = u
  0  0  0  0  0  0  0  0  0  0  0  0  0  0  0  0  0  1  0  1  0 18  0  0  0  0 |  v = v
  0  0  0  0  1  0  0  0  0  0  0  0  0  0  0  0  0  0  0  0  0  0 19  0  0  0 |  w = w
  0  0  0  0  0  0  0  0  0  0  0  0  0  0  0  0  0  0  1  0  0  0  0 19  0  0 |  x = x
  0  0  0  0  0  0  0  0  0  0  1  0  0  0  0  0  0  0  0  0  0  0  0  0 19  0 |  y = y
  1  0  0  0  0  0  0  0  0  0  0  0  0  0  0  0  0  0  0  0  0  0  0  0  0 19 |  z = z

