=== Run information ===

Scheme:       weka.classifiers.trees.RandomForest -P 100 -I 100 -num-slots 1 -K 0 -M 1.0 -V 0.001 -S 1
Relation:     features
Instances:    520
Attributes:   14
              f01
              f02
              f03
              f04
              f05
              f06
              f07
              f08
              f09
              f10
              f11
              f12
              f13
              label
Test mode:    10-fold cross-validation

=== Classifier model (full training set) ===

RandomForest

Bagging with 100 iterations and base learner

weka.classifiers.trees.RandomTree -K 0 -M 1.0 -V 0.001 -S 1 -do-not-check-capabilities

Time taken to build model: 0.33 seconds

=== Stratified cross-validation ===
=== Summary ===

Correctly Classified Instances         450               86.5385 %
Incorrectly Classified Instances        70               13.4615 %
Kappa statistic                          0.86  
Mean absolute error                      0.0291
Root mean squared error                  0.1011
Relative absolute error                 39.406  %
Root relative squared error             52.5843 %
Total Number of Instances              520     

=== Detailed Accuracy By Class ===

                 TP Rate  FP Rate  Precision  Recall   F-Measure  MCC      ROC Area  PRC Area  Class
                 0.900    0.002    0.947      0.900    0.923      0.920    0.999     0.986     a
                 0.750    0.004    0.882      0.750    0.811      0.807    0.992     0.928     b
                 0.800    0.006    0.842      0.800    0.821      0.814    0.997     0.945     c
                 0.900    0.008    0.818      0.900    0.857      0.852    0.994     0.922     d
                 0.850    0.006    0.850      0.850    0.850      0.844    0.995     0.922     e
                 0.850    0.010    0.773      0.850    0.810      0.803    0.996     0.914     f
                 0.800    0.006    0.842      0.800    0.821      0.814    0.991     0.906     g
                 0.750    0.008    0.789      0.750    0.769      0.761    0.977     0.783     h
                 0.900    0.002    0.947      0.900    0.923      0.920    0.968     0.947     i
                 0.900    0.004    0.900      0.900    0.900      0.896    0.985     0.934     j
                 0.850    0.006    0.850      0.850    0.850      0.844    0.998     0.953     k
                 0.850    0.006    0.850      0.850    0.850      0.844    0.995     0.920     l
                 0.950    0.006    0.864      0.950    0.905      0.902    0.998     0.974     m
                 0.650    0.006    0.813      0.650    0.722      0.717    0.933     0.691     n
                 0.900    0.004    0.900      0.900    0.900      0.896    0.994     0.949     o
                 0.900    0.002    0.947      0.900    0.923      0.920    0.997     0.958     p
                 0.900    0.012    0.750      0.900    0.818      0.814    0.996     0.935     q
                 0.900    0.008    0.818      0.900    0.857      0.852    0.992     0.919     r
                 0.850    0.002    0.944      0.850    0.895      0.892    0.987     0.930     s
                 0.900    0.004    0.900      0.900    0.900      0.896    0.999     0.973     t
                 0.900    0.004    0.900      0.900    0.900      0.896    0.991     0.909     u
                 0.800    0.006    0.842      0.800    0.821      0.814    0.995     0.909     v
                 0.950    0.008    0.826      0.950    0.884      0.881    0.994     0.949     w
                 0.850    0.002    0.944      0.850    0.895      0.892    0.994     0.945     x
                 0.950    0.002    0.950      0.950    0.950      0.948    0.999     0.969     y
                 1.000    0.006    0.870      1.000    0.930      0.930    0.999     0.972     z
Weighted Avg.    0.865    0.005    0.868      0.865    0.865      0.860    0.991     0.925     

=== Confusion Matrix ===

  a  b  c  d  e  f  g  h  i  j  k  l  m  n  o  p  q  r  s  t  u  v  w  x  y  z   <-- classified as
 18  0  0  0  0  0  0  0  0  0  0  0  0  0  1  0  0  0  0  0  0  0  1  0  0  0 |  a = a
  0 15  0  0  0  0  0  1  0  0  1  0  0  0  1  0  2  0  0  0  0  0  0  0  0  0 |  b = b
  0  0 16  3  1  0  0  0  0  0  0  0  0  0  0  0  0  0  0  0  0  0  0  0  0  0 |  c = c
  0  0  0 18  0  0  0  0  0  0  0  0  0  0  0  0  2  0  0  0  0  0  0  0  0  0 |  d = d
  0  0  0  0 17  0  0  0  0  0  0  1  0  1  0  0  0  0  0  0  1  0  0  0  0  0 |  e = e
  0  0  0  0  0 17  1  0  0  0  0  1  0  0  0  0  0  0  1  0  0  0  0  0  0  0 |  f = f
  0  0  0  0  0  1 16  0  0  0  0  0  0  0  0  0  2  0  0  0  0  0  0  0  1  0 |  g = g
  0  0  0  0  0  0  0 15  0  0  1  0  0  2  0  0  0  0  0  0  0  0  0  0  0  2 |  h = h
  0  0  2  0  0  0  0  0 18  0  0  0  0  0  0  0  0  0  0  0  0  0  0  0  0  0 |  i = i
  0  0  0  0  0  0  0  0  1 18  0  1  0  0  0  0  0  0  0  0  0  0  0  0  0  0 |  j = j
  0  1  0  0  0  0  0  2  0  0 17  0  0  0  0  0  0  0  0  0  0  0  0  0  0  0 |  k = k
  0  1  0  0  1  1  0  0  0  0  0 17  0  0  0  0  0  0  0  0  0  0  0  0  0  0 |  l = l
  0  0  0  0  0  0  0  0  0  1  0  0 19  0  0  0  0  0  0  0  0  0  0  0  0  0 |  m = m
  1  0  0  0  0  0  0  1  0  0  0  0  2 13  0  0  0  1  0  0  0  0  1  0  0  1 |  n = n
  0  0  0  0  0  0  0  0  0  0  0  0  0  0 18  0  0  0  0  0  1  0  0  1  0  0 |  o = o
  0  0  0  0  0  0  0  0  0  0  1  0  0  0  0 18  0  1  0  0  0  0  0  0  0  0 |  p = p
  0  0  0  0  0  0  2  0  0  0  0  0  0  0  0  0 18  0  0  0  0  0  0  0  0  0 |  q = q
  0  0  0  0  0  0  0  0  0  0  0  0  0  0  0  1  0 18  0  0  0  1  0  0  0  0 |  r = r
  0  0  1  0  0  2  0  0  0  0  0  0  0  0  0  0  0  0 17  0  0  0  0  0  0  0 |  s = s
  0  0  0  0  0  0  0  0  0  1  0  0  0  0  0  0  0  0  0 18  0  0  1  0  0  0 |  t = t
  0  0  0  0  1  0  0  0  0  0  0  0  0  0  0  0  0  0  0  0 18  1  0  0  0  0 |  u = u
  0  0  0  0  0  0  0  0  0  0  0  0  0  0  0  0  0  2  0  1  0 16  1  0  0  0 |  v = v
  0  0  0  0  0  0  0  0  0  0  0  0  0  0  0  0  0  0  0  0  0  1 19  0  0  0 |  w = w
  0  0  0  1  0  1  0  0  0  0  0  0  0  0  0  0  0  0  0  1  0  0  0 17  0  0 |  x = x
  0  0  0  0  0  0  0  0  0  0  0  0  1  0  0  0  0  0  0  0  0  0  0  0 19  0 |  y = y
  0  0  0  0  0  0  0  0  0  0  0  0  0  0  0  0  0  0  0  0  0  0  0  0  0 20 |  z = z

