=== Run information ===

Scheme:       weka.classifiers.rules.ZeroR 
Relation:     features
Instances:    520
Attributes:   14
              f01
              f02
              f03
              f04
              f05
              f06
              f07
              f08
              f09
              f10
              f11
              f12
              f13
              label
Test mode:    10-fold cross-validation

=== Classifier model (full training set) ===

ZeroR predicts class value: a

Time taken to build model: 0 seconds

=== Stratified cross-validation ===
=== Summary ===

Correctly Classified Instances          20                3.8462 %
Incorrectly Classified Instances       500               96.1538 %
Kappa statistic                          0     
Mean absolute error                      0.074 
Root mean squared error                  0.1923
Relative absolute error                100      %
Root relative squared error            100      %
Total Number of Instances              520     

=== Detailed Accuracy By Class ===

                 TP Rate  FP Rate  Precision  Recall   F-Measure  MCC      ROC Area  PRC Area  Class
                 1.000    1.000    0.038      1.000    0.074      ?        0.500     0.038     a
                 0.000    0.000    ?          0.000    ?          ?        0.500     0.038     b
                 0.000    0.000    ?          0.000    ?          ?        0.500     0.038     c
                 0.000    0.000    ?          0.000    ?          ?        0.500     0.038     d
                 0.000    0.000    ?          0.000    ?          ?        0.500     0.038     e
                 0.000    0.000    ?          0.000    ?          ?        0.500     0.038     f
                 0.000    0.000    ?          0.000    ?          ?        0.500     0.038     g
                 0.000    0.000    ?          0.000    ?          ?        0.500     0.038     h
                 0.000    0.000    ?          0.000    ?          ?        0.500     0.038     i
                 0.000    0.000    ?          0.000    ?          ?        0.500     0.038     j
                 0.000    0.000    ?          0.000    ?          ?        0.500     0.038     k
                 0.000    0.000    ?          0.000    ?          ?        0.500     0.038     l
                 0.000    0.000    ?          0.000    ?          ?        0.500     0.038     m
                 0.000    0.000    ?          0.000    ?          ?        0.500     0.038     n
                 0.000    0.000    ?          0.000    ?          ?        0.500     0.038     o
                 0.000    0.000    ?          0.000    ?          ?        0.500     0.038     p
                 0.000    0.000    ?          0.000    ?          ?        0.500     0.038     q
                 0.000    0.000    ?          0.000    ?          ?        0.500     0.038     r
                 0.000    0.000    ?          0.000    ?          ?        0.500     0.038     s
                 0.000    0.000    ?          0.000    ?          ?        0.500     0.038     t
                 0.000    0.000    ?          0.000    ?          ?        0.500     0.038     u
                 0.000    0.000    ?          0.000    ?          ?        0.500     0.038     v
                 0.000    0.000    ?          0.000    ?          ?        0.500     0.038     w
                 0.000    0.000    ?          0.000    ?          ?        0.500     0.038     x
                 0.000    0.000    ?          0.000    ?          ?        0.500     0.038     y
                 0.000    0.000    ?          0.000    ?          ?        0.500     0.038     z
Weighted Avg.    0.038    0.038    ?          0.038    ?          ?        0.500     0.038     

=== Confusion Matrix ===

  a  b  c  d  e  f  g  h  i  j  k  l  m  n  o  p  q  r  s  t  u  v  w  x  y  z   <-- classified as
 20  0  0  0  0  0  0  0  0  0  0  0  0  0  0  0  0  0  0  0  0  0  0  0  0  0 |  a = a
 20  0  0  0  0  0  0  0  0  0  0  0  0  0  0  0  0  0  0  0  0  0  0  0  0  0 |  b = b
 20  0  0  0  0  0  0  0  0  0  0  0  0  0  0  0  0  0  0  0  0  0  0  0  0  0 |  c = c
 20  0  0  0  0  0  0  0  0  0  0  0  0  0  0  0  0  0  0  0  0  0  0  0  0  0 |  d = d
 20  0  0  0  0  0  0  0  0  0  0  0  0  0  0  0  0  0  0  0  0  0  0  0  0  0 |  e = e
 20  0  0  0  0  0  0  0  0  0  0  0  0  0  0  0  0  0  0  0  0  0  0  0  0  0 |  f = f
 20  0  0  0  0  0  0  0  0  0  0  0  0  0  0  0  0  0  0  0  0  0  0  0  0  0 |  g = g
 20  0  0  0  0  0  0  0  0  0  0  0  0  0  0  0  0  0  0  0  0  0  0  0  0  0 |  h = h
 20  0  0  0  0  0  0  0  0  0  0  0  0  0  0  0  0  0  0  0  0  0  0  0  0  0 |  i = i
 20  0  0  0  0  0  0  0  0  0  0  0  0  0  0  0  0  0  0  0  0  0  0  0  0  0 |  j = j
 20  0  0  0  0  0  0  0  0  0  0  0  0  0  0  0  0  0  0  0  0  0  0  0  0  0 |  k = k
 20  0  0  0  0  0  0  0  0  0  0  0  0  0  0  0  0  0  0  0  0  0  0  0  0  0 |  l = l
 20  0  0  0  0  0  0  0  0  0  0  0  0  0  0  0  0  0  0  0  0  0  0  0  0  0 |  m = m
 20  0  0  0  0  0  0  0  0  0  0  0  0  0  0  0  0  0  0  0  0  0  0  0  0  0 |  n = n
 20  0  0  0  0  0  0  0  0  0  0  0  0  0  0  0  0  0  0  0  0  0  0  0  0  0 |  o = o
 20  0  0  0  0  0  0  0  0  0  0  0  0  0  0  0  0  0  0  0  0  0  0  0  0  0 |  p = p
 20  0  0  0  0  0  0  0  0  0  0  0  0  0  0  0  0  0  0  0  0  0  0  0  0  0 |  q = q
 20  0  0  0  0  0  0  0  0  0  0  0  0  0  0  0  0  0  0  0  0  0  0  0  0  0 |  r = r
 20  0  0  0  0  0  0  0  0  0  0  0  0  0  0  0  0  0  0  0  0  0  0  0  0  0 |  s = s
 20  0  0  0  0  0  0  0  0  0  0  0  0  0  0  0  0  0  0  0  0  0  0  0  0  0 |  t = t
 20  0  0  0  0  0  0  0  0  0  0  0  0  0  0  0  0  0  0  0  0  0  0  0  0  0 |  u = u
 20  0  0  0  0  0  0  0  0  0  0  0  0  0  0  0  0  0  0  0  0  0  0  0  0  0 |  v = v
 20  0  0  0  0  0  0  0  0  0  0  0  0  0  0  0  0  0  0  0  0  0  0  0  0  0 |  w = w
 20  0  0  0  0  0  0  0  0  0  0  0  0  0  0  0  0  0  0  0  0  0  0  0  0  0 |  x = x
 20  0  0  0  0  0  0  0  0  0  0  0  0  0  0  0  0  0  0  0  0  0  0  0  0  0 |  y = y
 20  0  0  0  0  0  0  0  0  0  0  0  0  0  0  0  0  0  0  0  0  0  0  0  0  0 |  z = z

